0.792
0.792
0.792
0.8
0.823
0.823
0.823
0.823
0.823
0.823
0.823
0.823
0.823
0.823
0.823
0.823
0.823
0.823
0.823
0.838
0.838
0.838
0.838
0.838
0.838
0.838
0.838
0.838
0.838
0.838
0.838
0.838
0.838
0.838
0.838
0.838
0.838
0.838
0.838
0.838
0.854
0.854
0.854
0.854
0.854
0.854
0.854
0.854
0.854
0.854
0.854
0.869
0.869
0.869
0.869
0.869
0.885
0.885
0.885
0.885
0.885
0.885
0.885
0.885
0.885
0.885
0.885
0.885
0.885
0.731
0.731
0.777
0.777
0.785
0.808
0.808
0.823
0.823
0.823
0.777
0.792
0.792
0.792
0.8
0.823
0.823
