0.513
0.513
0.513
0.513
0.513
0.69
0.731
0.731
0.731
0.731
0.731
0.731
0.731
0.731
0.731
0.731
0.731
0.731
0.731
0.731
0.731
0.731
0.731
0.731
0.731
0.741
0.741
0.741
0.741
0.741
0.741
0.741
0.741
0.741
0.741
0.741
0.741
0.741
0.741
0.741
0.741
0.741
0.741
0.741
0.792
0.792
0.792
0.792
0.792
0.792
0.792
0.792
0.792
0.792
0.792
0.792
0.792
0.792
0.792
0.792
0.792
0.792
0.792
0.792
0.792
0.792
0.792
0.792
0.792
0.792
0.792
0.792
0.792
0.792
0.792
0.792
0.792
0.792
0.792
0.792
0.792
0.792
0.792
0.792
0.792
0.792
0.792
0.792
0.792
0.792
0.792
0.792
0.792
0.792
0.792
0.792
0.792
0.792
0.792
0.792
0.792
0.792
0.792
0.792
0.792
0.792
0.792
0.792
0.792
0.792
0.792
0.792
0.792
0.792
0.792
0.792
0.792
0.792
0.792
0.792
0.792
0.792
0.792
0.792
0.792
0.792
0.792
0.792
0.792
0.792
0.792
0.792
0.792
0.792
0.792
0.792
0.792
0.792
0.792
0.792
0.792
0.792
0.792
0.792
0.792
0.792
0.792
0.792
0.792
0.792
0.792
0.792
0.792
0.792
0.792
0.792
0.792
0.792
